"Absolute-Plus-1-Position"
2907968
179196
1942661
1153093
345252
451653
457202
1910157
1269856
3210735
3536685
2905666
2059828
3724495
3215597
4486112
3099757
1958747
4002875
155438
4327079
3455531
712942
1119511
318525
260158
2928035
1881855
1228808
12144
2263597
2861362
2029461
3696375
3377569
2089733
3032938
1477597
3896762
60450
3168562
480794
1437013
1082243
295671
813462
4579835
1862584
1209672
1330818
2543557
2765985
1979586
3634635
4348764
3178012
2993581
3055473
3836877
6615
313285
2914277
1996906
1044303
275298
4207627
888057
1813255
1198516
1981651
2934119
2741751
1945452
3609119
105045
1822302
2985701
3712043
3784576
1346843
3308086
3982781
3696364
997765
233982
4341650
3990774
1787339
1175325
953579
29551
2701162
1921725
3584720
2405162
903843
2943229
2719931
3751875
2303695
3384470
947120
1506150
792081
177700
1747068
492056
4379003
1129914
2644960
4404664
3532538
1894779
4370783
1194961
583656
2876544
1592482
3716415
4275164
246615
889940
2278397
406280
145053
4109907
1441780
1721014
1100252
2564400
2532377
3499835
1875648
4004724
765926
4630566
2795643
1290220
3673330
1841432
3056851
845664
1447370
824601
16951
3884065
2964220
1669633
1051304
2518375
3600849
3439168
1845011
3484311
1109278
4594737
2755507
508191
3619044
800620
711939
454993
794751
3592378
200960
1641765
454349
2473572
1018460
1813742
2344755
3403280
1806250
3153529
2434015
4537703
2725809
368536
3604352
1948674
3178074
774644
1862240
194784
4105686
1614780
3374583
3212473
960132
2440241
3957867
1349129
1759481
3380119
4624856
2819273
2664204
4503549
3566773
3336886
4449686
1526011
853064
689222
2949156
3322590
4112869
1553994
916212
2716738
4616679
2388587
1725932
1741201
4155078
3336983
2629186
2465135
3526274
4474096
4227602
4166484
1362728
21210
742798
676572
2629253
2493439
859104
1517236
4154885
2082728
3952388
2365756
1693006
4377745
2550678
3298207
3499438
1999508
3812703
4427517
4606273
2552241
1121032
546411
1168844
657998
830783

557781
1496655
3881841
1799763
1655690
2306846
2509453
4365392
1668591
3267190
3413633
1724679
3327759
4356413
4564802
3058549
493709
2509461
1263556
606223
785373

396363
1482927
3318297
1477462
1624543
985743
2462802
2266164
121650
4051943
3389477
3241819
2925321
1361052
4511639
4279835
3907665
1368040
904523
1051305
742622
558807
1901772

1577666
1423741
2909717
456577
2407408
57241
1298309
4541871
3366720
3215496
2616026
1067758
4486188
4213120
2313452
1130165
2587475
2376887
679416
513974
4399052

1532858
1393121
2533501
85540
2382654
2203784
2701813
3401129
3309040
3182561
2176432
2856828
4437617
4115606
3000257
4375567
1719777

662399
476422


1506154
1344544
1932799
4097472
2344207
2165591
1453865
3128206
3287276
3162851
1866765
687896
4379474
4073712
841648
816914
2483631
4370616
633524
405698
1074113
1384069
1491653
1317306
1263676
1298413
2282438
2107394
1453670
4551518
3254280
3133977
1628326
926685
4307995
4044055
4297134
89596
1007672
366377
3853257
380973
570845
702008

1287188
1433712
3354509
710723
2067498
2249666
697163
2665401
3109534
3235892
4004241
1227609
174941
4260141
182447
1671327
320088
2089965
90688
546506
1243197

624831
1418219
2038840
236017
564703
2225066
3055551
4640688
3913811
3199698
2025313
939365
922751
4148429
310797
4046652
2734295
3811175
1213284
504847
3245002

1989652
1383991
2312887
3546405
3006118
2184673
3843880
3517600
45592
3169887
1673779
1720998
275285
4086881
1146589
4207863
1202185
1697075
2825791
453686
1959267
63588
2810747
1335105
2987513
3933322
3799424
2115934
4474064
3515153
454210
3147781
237278
1130885
2838105
4060423
1181380
1832039
329361
3658242
1925086
392660
922676
1190491
2949066
1307352
3751896
1619093
652172
2098413
2194203
2818697
193335
3119266
1491506
4018751
1146749
3072648
1986238
1942634
1910253
327257
4354797
914129
2900471
1269477
3717189
1795721
1400284
2053534
1413556
2520924
148920
3091018
3342226
3950027
1105714
3836198
3600863
1359373
1879390
318376
2001819
432977
2843102
1224711
3696283
1165992
3664781
2024843
3382173
2709632
51293
3029164

3869314
1056222
1978577
4632704
3340121
1854041
293118
1330980
3700136
2758855
1209266
3626848
3532679
3659145
1979668
3648294
4360106
3201104
2990368
1800427
3828919
1030061
2698638
401707
2965254
1813348
260216
1343476
2035630
2741355
1197625
3605575
3267093
4175107
1941833
4019978
4516727
622253
2980803
1313991
3776597
964238
638693
4246464
1335090
1770930
217135
1192686
3486031
2674788
1168863
3581758
754767
1754642
1921745
1996867
2620909
176561
2925369
1866815
3737221
929400
1624688
1399552
2914318
1743458
162075
4181063
3455510
2641954
1126081
3529672
3553024
4265652
1894100
270226
3600870
4601615
2871984
3389430
3712097
878246
3822077
2741201
3334858
3966162
131307
1704761
1623879
2561902
1095633
3499413
2982208
3931181
1875648
4621657
156214
518568
2775888
1632723
3656110
842192
2153311
669072
1447309
3882733
11825
1667335
3136403
2518306
1051278
4340556
1004732
3430088
1833217
3442495
2798578
4588995
2747930
214187
3611841
2695767
1930765
798537
1215506
419488
3793939
3474621

1636727
1005850
2467737
1279807
2857019
1792760
3392184
208411
3081707
2722578
4520401
3597958
1212123
149630
4012837
84024
752958
1074026
134339
3216753
1609140
949574
3100790
3561971
2431868
1755209
1190508
4483927
3374676
2659962
2652391
3556880
4496347
4425025
1313698
2819189
2578570

684602
1063828
4603319
912200
1544851
2246942
2640642
4128558
2385828
2622874
461305
3526246
3333225
4075548
2269920
4640898
4458015
716641
1800818
2265417
656526
853080
670046
2147559

3922525
1515440
1682062
1994879
2531407
2364372
3478699
3560891
3739674
3293553
4599494
1937494
920094
4418562
855947
1544124
807930
532300
486492
644180
3782681

1648457
1495154
2495333
1735323
4196859
4223652
3413487
4640681
3239863
3259826
4563730
1698122
4235872
4337202
3647982
891876
785339
2579308
310119
606053
1621264
1848024
2455668
817977
1463509
579805
3388263

2908018
1440856
4508686
954493
3216538
2263836
900626
1011666
729037
3238555
3068836
1323188
1570584
4278466
2804599
1368038
2388995
2578588
911076
557025
3362039

2544664
1420170
4479686
424985
3155302
2230493
1251003
3536755
676590
3204533
4397046
990591
1520096
4200511
2437884
2003676
2381614
3658345
1237538
508264
3301437
3678412
2085552
1393204
4437673
49799
511573
2192901
3348421
4233722
661510
3172506

639002
1502446
4106432
1862618
3429047
2344218
52588
3742618
475245
3287405
257810
1809326
1339308
4375703
4277423
4467275
2151076
2222120
2019584
610141
3158421

2013205
1490887
4069433
1146791
4043377
2280548
4551334
2710186
399444
3252761
693469
1523227
1315238
3252249
990414
1435641
2103090
4294268
4362627
441373
3132449
3808180
3169749
568810
4024809

1755617
1425264
4494435
699222
346435
2249711
893634
1488190
3112899
3226142
83735
1147338
2059722
4230162
4175381
3679229
3099595
3278703
4004227
531358
266158


1413260
320215
185977
4350565
57156
1233147
3146363
612667
3192054
2033203
909320
3915326
4143880
3032970
711521
3899464
1658003
2587550
490857
4073586

295656
1357810
2185903
4058107
1210319
2168683
2513009
511411
1983560
3168371
2687441
576873
2993603
4079562
3836744
4035239
4478384
4214159
2710339
433034
275315
2765906
77367
1330757
1198668
1262177
3847198
2109586
1950778
427205
104636
3133982
2985719
3296072
3793834
4060372
4605777
4120406
208326
4051036
234784
384738

2290422
1175399
1293493
3927129
1699228
1922084
2089211
923080
1992180
2943207
3114479
3751905
4009023
3245043
1215752
1147577
3578880
192812
321481
970642
1879994
1146761
1245101
4414247
2942639
1907086
2042294
1862735
2062252
2892572
3089752
3716513
3946780
1234905
3761297
4366951
3875185
3867544
311432
3840017
2691340
1105225
1218937
2461205
4330320
1876777
1997823
4540667
2533608
2799070
3015167
3674757
3855790
1092841
3015992
3018950
4005836
35440
285353
794995
4278066
1051830
1203088
4274011
3756535
1844886
1973462
1556596
3492395
2758660
2988423
3619003
3821256
1792087
229098
192814
3246618
1889807
246641
1649597
2908846
1023976
1188270
2312830
710716
1807719
1936590
42037
4001194
2725812
2971247
3604315
3768064
468352
1888061
1686654
2840942
17317
211858
2976189
21833
960143
1161823
728849
758586
1764924
1915027
3867518
1755467
2667928
2910860
3577085
3727797
4470946
117705
1563201
2716506
1344638
157055
2551243
3455482
922750
1119623
940823
1989645
1739855
1893321
4163399
3192002
2629672
2863537
3526319
3696395
4264304
2168349
1344510
3172323
1705755
79594
2968993
1170417
862783
1095196
290340
2310427
3960647
1870364
1704399
4189753
2558693
2767644
3926475
3637500
4607725
2545793
3692673
1511599
1440831
11542
838484
1144762
641903
1049834
3882348
2621153
1657547
1817312
2517869
1103344
4393677
2741702
3418196
3609780
3380182
3908447
4571720
3336833
118663
1109257
485699
1717269
785496
997814
401363
4132546
3384602
1787351
1632985
953741
2462985
2712805
3618537
3586729
3389383
255914
3041099
1405751
4518379
3637612
2466515
947127
3068185
4058222
742670
1747082
71271
4472553
1582554
2647368
2913829
3536744
2408835
4370976
1190483
2819373
3366889
3318175
2639402
4256502
4490085
897852
2315975
809292
4111524
4124509
679465
1720865
4400220
2582880
1535869
3511617
2535480
4026485
2385905
4633773
461442
2065874
3327102
2230395
2185451
852626
4442270
878070
771213
3884237
4635353
1671957
664001
2527039

3475109
1511515
3522826
1946016
4594837
2348338

385205
515903
3287362
196470
1907617
475201
4391584
3639983
3151390
1641846
65803
2492130
635555
4201905

3411617
1492116
3184718
1341870
4559537
2292621
2495578
3442565
1946110
3254291
777537
1655709
222806
4308667
1615731
1174028
3212688
141360
2448568
2668964
472556
572314
3385481
251969
2867607
1436984
4504005
755404
2815065
2257496
601929
2520784
712846
3236365
657250
1237285
1555727
4260159
2737579
1258542
2388573
629864
2911368
556967
3349831

2530201
1420449
4474783
255776
2800590
2225679
1601460
1078925
676624
3199801

980931
1517610
4196719
2101324
103561
2365698
3102911
2838132
504855
3298923

2071503
1390639
4433131
12123
2751759
2188472
1636603
3515982
658871
3169688

2766707
1500640
4102784
1806351
2731332
2320081
4419927
738980
453684
3267254
3039851
1755600
1339235
4356507
4100566
368519
2147644
136940
2303574
607561
3149498

1988200
1487202
4064479
1079291
2800656
57336
4491182
973404
394461
1079179
3439546
2267742
1312414
34218
2685574
3250472
2098475
1395973
3318375
4283106
3121321
595462
2537315
3088255
4021909
564607
787670

605453
1423749
3247643
495084
3742720
2237923
1270012
1335781
848950
3216536
2056754
1120609
3110365
4222513
3092884
3219120
3994083
3853337
4327064
515892
2832439

318484
1405936
1103335
122969
1228683
2214749
4368432
1339234
2028410
3184831
2828860
3497754
3033039
4136089
3896657
4448402
4094385
2219523
3340102
490324
295660

4579917
1351866
1209527
1301085
358709
2168558
1979619
997563
3569571
3166030
2991879
3682016
3836768
4079180
1988001
1157626
1996893
1610737
263818
415847
2814802
4635243
1197661
1317241
3222551
17458
1945366
2107283
102742
2255252
2985624
3134084
3783681
3039633
2976569
4050985
3696443
1329301
234025
2924524
3990790
383985
1169019
142703
3384313
1288756
1921753
3597755
3073823
2079417
2941721
1031719
3751962
3111211
3801136
4005858
951154
3206380
177786
4313132
401319
320116
1126604
933138
3305860
1244579
1894933
2240566
2850839
2042308
2874028
1746415
3716486
3086250
3657800
3940643
2278277
1622914
144965
4242291
3247548
311446
1097824
75608
2891964
1215613
1875463
4299407
10643
1996851
2795471
3485951
3672045
3009919
3195240
3843819
1447492
3613439
15436
2799084
3433650
282252
1051373
1923066
4097711
1202184
1841438
2933854
4467271
1959872
2754767
461819
3619178
2988344
607731
3799498
2518407
3967800
3793970
4416869
1316092
240329
1015503
331873
3493987
1182848
1806217
4361963
3405140
1925209
2724033
1958986
3602256
2969582
4638160
3757928
3925674
1547205
4287391
3784203
1273760
193411
951228
179183
3853023
1153194
1758944
771170
4624799
1910140
2664244
3640000
3556948
2905606
4429780
3720594
1905459
4486139
1092523
1339309
1890561
155518
915077
2033649
3990999
1118641
4153190
3888411
2629252
1880767
3526329
3477499
4120398
2861441
441468
3696215
742619
2814816
2590970
1844900
859106
3296349
70241

3950290
1070045
1692988
4273936
2550554
1854886
3478985
1330848
3785235
2760507
4600210
3634783
1121058
3178004
1024438
1063919
822648
6587
540359
4119358
3880150
1029994
1655699
2597781
2504493
1813153
1668603
1982465
3413601
2741762
3301301
3609020
4564793
3055759
1027837
2784818
3813852
2788927
2736006
3513697
346432
994141
3311786
3552510
1624559
1772409
2455654
954503
4366843
2701137
3388258
3584734
2915043
903836
4511644
4223505
3908556
1791254
1727801
1563107
729379
945839
1618941
2241710
1570577
1743269
2822090
4274092
2407414
2642934
3270592
3532485
3361978
4363330
2578608
2622977
4479664
3725354
4605752
3544858
846631
889938
676560
1788318
4398982
4049899
1532867
1719673
2441641
2563409
2381581
3499770
2704223
3959841
3307909
4624238
2137863
159195
4437671
1669672
3469896
845509
1682138
782061
662401
3883961
4126908
1669630
1502323
2518384
1932784
3438673
2344284
3476541
3667607
4591347
3287364
399454
1866506
800709
4379433
446687
4467347
3491648
1542690
1638299
633517
2473536

957595
1491647
3403425
1263583
3138700
2282437
4524226
1267854
3471583
3252825
1947439
1627491
774709
4301236
189712
3252700
1614799
1509978
3210712
4297330
2434940
2791172
1230466
3808256
3380156
570847
2800121
3471724
4501058
1428926
3333516
706060
4439511
2249638
689212
2060941
3322587
3234341
1544763
1214113
2707196
4242260
2385805
656083
1447367
3497793
3334855
544056
2460979

4458046
1417815
893736
235934
585665
2222082
676706
4640599

3196926
1517221
932078
2055031
4143858
2364525
3059730
795062
3812577
3298174
504852
1979226
1607221
4427526
1370003
2071317
3577645
4591412
2183820
646603
3519167

3169291
1496682
1538687
1799301
4086886
2306858
3941633
771284
1696152
3267226
447770
1717283
4207971
4356462
1330790
222714
2634107
1065559
2109716
606411
426055

3146753
1482873
3343396
1474188
4060419
961859
1832044
2265413
3578749
1388844
389861
3238371
705999
1351118
1307359
4278314
2250806
1367929
2098375
1641715
2518253
558166
3119320

4011050
1420343
4107522
432245
4349091
2237858
327261
4542694
3081892
3210568
1256111
1027041
4118161
4213224
2044763
4591633
2466308
3664864
3089588
508174
3950175
1475066
1848029
1393139
1310523
85453
311939
2194180
3790149
1821726
1218940
3173078
1547372
4432009
2008155
4112312
2710087
3639848
3024260
52034
3869412
476288
494817

1105803
1339165
289192
4466210
3700272
2151051
1203006
3128076
2339457
3161182
1979598
2013146
3492449
4073661
2990383
816827
3828691
3866981
1734162
405708
2966121
1340135
247624
1317303
2035780
354884
1194437
2104606
3109175
2231819
1941683
3132523
2003817
926479
2973939
4044175
3776424
1116772
638800
366365
2741824
380957
214195
701865
3486025
1273655
1167407
932328
1686709
2064601
1916181
4496386
2868782
3102254
2923050
4004258
3727827
174902
3658062
4313257
2913700
197821
160143
90010
3455519
1242164
1124083
622234
3957912
2038202
1893966
262841
3601003
3043364
2871911
3907646
3712060
1988682
3821388
4073606
1961935
304262
118681
2700291
1929732
1210195
1095693
2477746
3100751
1989564
1871937
2430800
156224
3006224
2773285
3843957
3653269
335739
2545741
2710165
1447349
275206
11913
2498399
498031
1202213
1051330
1699313
1122643
1950636
1833308
3597730
2798556
2985819
2747846
3793730
3609913
1734357
3817699
1351121
703840
237260
2599014
2838014
403687
1178540
1005890
2323412
703708
1925020
1792827
923210
953925
2949189
2715344
3751975
3597828
651984
160657
1875657
84304
193471

3401356
4556856
1146607
949547
1037710
2352583
1908900
1755167
1862526
4483919
2900409
2656917
3716356
3543147
4394092
4382618
957579
2819198
146957
1802733
3340211
4256457
1105412
906898
553142
29619
1877666
4128529
3327760
1725655
2809595
2595938
3696356
3526186
3664651
4042049
3380698
4640358
47080
197026
1995717
2265330
1056220
853083
1323108
4215402
1853983
3922270
3707870
1678377
2758881
2526909
3624173
3478540
3659140
3719097
3648063
4595947
3101744
4351685
1788384
853098
1030001
808035
4158457
484685
1807579
3719940
1063833
1644975
2741315
2494494
3605634
4196954
2167114
3413607
937328
3237282
622258
4563635
850419
3343299
964105
3721065
4257087
784858
1765147
268026
4166367
1621304
2674795
2455821
3581016
3742674
4607781
3386303
1996917
2867724
583567
4503882
348646
3568392
927460
903769
3410246
721894
1739878
651952
4179623
1568852
2641950
2804563
3529733
2388539
4265589
485698
3186040
3354235
2839287
2537319
3298897
4479671
872969
2629031
3384677
2239391
3965687
676611
1704864

2561993
1518892
3931103
2430770
4609356
2373566
518490
1237509
1495134
3301329
842153
2081303
660301
4434104
3882590
2718675
1667240
1982442
2518279
661545
4394035

3430062
1502345
3438001
1842308
4581502
2328199
146745
739421
855786
3287365
798592
1809263
408148
4374369
3453442
4467280
1634956
2746254
2466513
610254
890776

3392075
1490761
3069871
1146649
4520540
2280545
3948021
4042121
4012855
2248560
749182
3250974
131564
1408024
1609182
4294307
3083946
2662199
2423614
3808238
961717
568787
3374703
2000410
2652324
1425249
4496349
612687
1315396
2243888
1950617
4442261
683594
3221264
807321
1144421
1544825
4230309
2599784
1244556
2385750
3278866
461332
523066
3328857

2233989
1411985
4458081
180845
3039822
2215586
174921
4640512
665213
3185342

904517
1515415
4139046
1989502
710829
2358946
500051
3561480
490873
3293393

1937544
1352657
4416935
3058456
1764418
2168565
532390
1908792
644055
3168289
4399801
4256598
1495133
4079597
1688551

2303851
3246508
3600813
430469
3254269
3529110
1689794
1330702
4333477
3911568
890892
2109676
3059353
1084938
588070
3134016

3169801
348471
4058380
575774
4455760

3906697
1440846
384701
848198
1746202
2263713
1293516
2520730
2978950
3236462
2087238
1310892
1287665
4261600
3111307
3086577
4007739
4539928
2766860
557006
3578862

321484
1420277
3350577
367538
1245083
2225763
3050772
3536639
2042176
3204648
2059845
989044
3089659
4199373
3946780
1646388
3710581
4252443
4073663
508262
4439286

1923207
1391872
1218814
30775
2850627
2192880
1996910
4233539
2533507
3172423
3015234
3836664
3843930
4105101
3672136
223593
926043
2436890
285350
464360
3986432
3096620
1203014
1339162
3737470
102867
1961931
2150999
3492335
2522563
2988431
3155384
3815985
1966216
375386
4069446
1492119
4042391
245993
3546446
2908702
399547
1188267
662706
4436629
1315397
1930719
2710357
3090275
2103093
2970392
3708694
3759925
3132593
1509221
2638975
914895
4024965
195555
2908152
179214
4494597
1161821
345336
754958
1272422
1910159
1270546
519949
148
2905605
2059875
3725902
3982364
4486101
3099593
2412594
4002842
156984
4158394
3455527

1119632
318334
4267082
1258738
1881712
1228750
3192012
1787161
2863569
2029370
3696322
3915223
813493
3032943
408574
3897479
73085
3000265
1031443
4074641
1082154
295663
3997907
2185827
1862464
1210139
1330789
2876368
2767642
1979591
3634817
2001808
3178062
2993591
1148516
3836838
8017
1907793
1144728
2710393
1048118
275119
2695589
3669261
1817242
1198590
1103859
3105651
2741677
1945544
3609767
104693
1601257
2985809
1638712
3785056
3038834
3168653
1718034
146754
997808
234926
4214233
2591560
1787383
1175329
953641
3490221
2705464
1921957
3586919
2405335
738920
2943263
2053566
3751960
1185823
3244843
947145
1021083
792086
177757
1747113
1645903
4448294
1144380
2647493
2309445
3536780
1894628
4370873
2406656
3785187
2876536
21383
3716484
4278321
1360968
889885
2269811
121671
146898
4122354
4235858
1720849
1101755
2582893
4031013
3499759
1876822
4026443
4540809
4630700
2796814
1289106
3674637
1877657
2153646
850304
1451409
866537
35499
3884111
2862197
1671953
1051307
2518334
4100759
3466749
1844902
3492519
1822283
4594844
2758663
515823
3619113
800694
1823492
455122
1647876
3592426
866394
1641690
454994
2482334
1023994
4201712
1020191
3403446
1806170
3156571
454434
4558317
2725760
3342010
3604297
1946144
1726021
777560
1862247
194901
63358
1614788
2976385
3212637
960255
2444251
4133812
1348944
1764930
3385406
458815
2867567
2667863
4504020
3571419
2214840
4457945
1526020
1482904
690984
1712671
84188
2456999
1555742
916133
2734205
4617278
2388554
1739809
1741379
4163295
3336954
2629085
2509447
3526425
4474834
4256608
787632
3669551
21120
1705207
676639
3204175
2494433
860088
1517354
4154897
2093360
3955235
2365754
1702202
883649
2551921
3299012
3499311
2071474
3830431
4433148
4607868
2553205
1442915
3581111
1169033
658008
832960

629292
1496776
3881861
1801346
1655679
2311594
2514322
961165
931031
3267228
3413621
1755663
3353049
4356517
4571705
159171
3658054
1291405
1277821
606264
785465

396319
1482991
3327731
1079210
1627422
2278353
2462984
1477471
4046940
1020187
3389461
2266214
3005847
3648512
4518442
3250466
1610720
1388874
3068126
4279829
742623
595573
8191
913845
1582729
558803
2909797

2408831
1423671
2061978
495075
3366843
2237959
2639433
1335424
4486122
3216539
2315695
1106292

4222629
679462
1138351

2942696
1533963
515077
2533601

2385784
1395971
4200176
122034
3321651
2204402
2178781

4441321
3182429
771202
1500536
1719748
4118386
663967
4376794

2460511
1506754
480503
1933109

2348341
1350236
2524910
4354805
3287401
2167548
1874323
1057984
4391566
3162866
3152014
3550399
2483641
4073532
633557
1157766
1584028
3244857
1492305
410118
1319944
4484273
2284109
1317339
3378672
4287671
3254261
2107234
1637846
2255290
4308664
3133968
141279
2735961
4240300
4044131
3853192
1329284
572319
3101640

380850
1437079
22229
754670
1288751
2251653
3599762
2599879
2067511
3236399
926006
1234916
3109521
4260114
4004297
4368603
3206424
629873
4313137
556632
320193

91012
1420244
1243125
236041
1311054
2224941
2039286
4640801
780514
3199753
3074756
971672
3916059
4150311
1409129
1616955
1930857
3102988
311393
504767
4527977

1213212
1390637
4518282
12048
1992050
2186884
2312864
3516252
3006117
3169749
3843921
1728353
257824
4089902
389754
2731448
282223
3473685
1770372
453627
1202259
231064
4016391
1335056
1959984
2137583
461838
2120337
2987508
1677975
3799496
3149575
1451498
1130993
2282440
4062166
240319
191812
332039
3656960
1181346
392619
329421
2878915
1925364
1307349
1031984
3152075
2965348
2098310
3757880
2999064
708236
3121364
2193758
1825688
193338
4018747
2272312
3072735
1153293
3606422
412529
335068
1910125
2137193
3639998
1269323
2900472
963749
3720810
2056792
4004814
2947382
1340186
3091068
148910
3949984
3343326
1842188
1105738
2691123
3792577
318397
1879360
416977
3477525
1226478
2859737
4347348
3696367
2028504
2797085
3344662
3860253
3031189
57268
3877615

4284935
1056207
3340132
1386692
294031
1854924
491310
1330883
1209189
2758928
358773
3632595
1979658
883569
3569455
1064037
2990570
5030
3828821
2832307
4556576
1029980
1996880
417101
260303
1813188
4177177
1343369
1197589
2741822
2339539
3605698
1941721
3055974
4277447
4591367
2984194
622192
3783810
1437121
1704512
964108
1050702
4246736
231083
1770926
28288
2477821
1168981
2698707
1195008
3581841
1921715
903815
2868118
1996857
2930873
3545596
3737234
3418972
636686
945719
1350132
4382412
175052
1743375
243406
4274080
1126077
2642932
1016498
3532588
1894112
4270214
2659524
1986148
2873392
3540057
3712983
3389496
3994492
889941
3906717
785591
131466
3997971
1986799
1704812
1095759
2563389
1333788
3499433
1875598
3931265
10644
4621716
2782822
159151
3656039
4390638
3194865
842224
1447394
674993
15380
3883882
3433686
1669652
1051284
2518259
2823819
4338042
1841611
3434991
1237525
3476506
2750763
4589048
3619074
214280
1121509
2013093
2755586
798539
3793896
444658
255737
3490851
1015532
1638197
1277932
2473422
1805101
3613628
2413459
3399083
2722667
3138610
3602252
4524140
4376509
3843910
3923756
1948185
4287595
774150
4016343
164721
949643
1611874
2352451
3210646
1758945
2431875
4619567
3730807
2659953
3378290
3557002
2747853
4428819
4496234
3234480
159391
2178667
3719431
1923385
689205
914901
4603034
2246929
1544758
4128636
2685797
2622990
2385769
3526243
2634197
4111569
3334796
4640838
2363655
1757296
4458065
2585577
3219458
859100
883508
70075
669944
3950218

1684173
1517246
2531383
1995406
3478528
2364317
3761975
3560756
4600337
3293211
920337
1950701
1024365
4424828
820778
1544163
503295
533907
3816580
646632
1648438

2495336
1496645
4107474
1757383
3413602
2306924
3301368
576870
4563734
3267221
1124103
1714327
1125522
4352390
785459
3665839
310076
1824984
1624516
606405
2455688

3731069

3388236
1442900
2909713
954814
4511530
2265420
3910542
3558107
1806323
3238370
729082
1335827
312805
4278318
1570527
1367945
2804755
1638812
2391717
558062
1832399

3362094
1420260
2544671
432091
4479566
2232684
4051308
3777289
1250944
3210628
676637
1018459
4397100
4205986
1523276
1977302
2437912
4262816
2381686
508284
3274934

3301279
1393054
2114351
85420
4437702
2194175
137045
1339190
578921
3172407
661386
1986775

4106449
1502445
3428940
1912618

2344265
476399
1572072

3287291
1339182
1839440
1058056
4379473
2151016
4467279
2019595
4160802
3161310
631991
2013036

4069363
1490766
940878
1247425
3544667
2282433
405723
1266899
1119071
3252783
1315321
1526228
1901933
4297222
2103049
3252263
4606432
1492439
3132525
4297151
2962507
3374766
4024970
3808516
1116709
568751
366358

346436
1425219
3212693
700352
1270391
2249656
1230738
2600437
2063354
3226070
4392313
1212090
3102250
4242270
4004231
3373620
266227
3281889
765811
531362
320170

2870686
1417811
1234767
218837
624727
2222152
2033223
4640535
236913
3192055
3043256
919103
3899399
4143953
3328864
3646112
4073596
3318562
304258
490879
2700518

1210323
1370185
2479121
1934713
1987802
2183801
2687526
3519380
3000039
3169287
3842509
1074134
2691340
4081361
2710230
3941516
275287
4214156
77338
443748
1201440
4035356
4341887
1330689
1950760
3086048
4330407
2109718
2985741
1079168
3793729
3133915
4275418
3328853
3405172
4060253
237235
1832013

2790912
1175374
384830
3927031
2824394
1925029
1298452
923092
4114499
2947273
2089176
3751986
2043562
652039
3119259
1875600
4009014
192849
2884319
3401193
792177
1146628
321537
3653936
3276972
1907509
1256110
1862597
848047
2899607
2043618
3716479
2286207
4392736
3089749
406355
3948160
146959
1848700
3305932
816692
1105330
311460
85600
4190487
1877722
1218953

1277777
2799087
2008261
3685648
2023836
2243848
3015056
2599806
3866390
35399
2280622
1842163
1105201
1056182
285207
1020947
3841771
1848711
1202883
1556606
1292958
2758978
1977932
3619097
3492430
3659084
2988415
1880800
3821288
3101798
2872901
25014
830669
1027797
247544
987092
2426837
1807775
1189940
4611153
3569389
2741347
1940228
3605794
4635477
850209
2971569
1015657
3776420
1556046

880653
819858
960238
214088
366343
22034
1765291
1161827
3793865
1688440
2668053
1916119
3580859
2868829
4478445
2919513
1563249
3727767
554577
3522928
2427849
790463
922912
157031
167442
3455495
1739849
1124102
4178354
2687503
2641880
1893359
3526403
456646
4264283
2864907
2562053
3700398
2839429
2308641
3182433
3157545
863530
87947
4478344
1081307
3965647
1095155
1704873
638921
2562080
1870243
3931128
156235
4609344
2767540
3811277
3653268
1441029
2545733
839274
4352549
645034
11938
3882562
1144873
1657414
1051205
2517892
1737689
4393937
1827069
3423707
2798536
3380654
2744642
4578062
3609930
118703
3816645
2041346
160751
788898
200455
405686
4602177
3448222
998321
1633584
4223783
2462982
1789603
2601171
953851
3389381
2712876
3041282
3588300
4520381
1079185
256502
3634743
2270678
84154
4012884
42325
161515
749185
3250475
4406044
106530
1398659
947144
1588298
4294378
4056371
2959011
2349499
1749569
2423712
1556340
4472745
1011659
566101
2653699
3369562

3537176
2639370
1425313
4372761
4496266
497139
2819370
3231624
2243073
3407351
3072857
131519
396553
683482
3221255
897947
106508
1121020
809302
1544866
4222691
4128466
2535610
1972716
1725648
2385760
833073
2591070
461395
519329
3511622
3326978

4031147
2194269
1409338
4633899
4449817
127717
2065972
771368
2214785
2230509
703175
4640508
853135
665222
3185311
880519
1586664
2196445
3922134
1511453
4137864
1676548
1946024
4448428
2526933
2356690
422495
3477431
3561849
490718
3645350
3287278
2381053
4594882
1928865
1351896
3413702
4416756
1896809
2753486
1161647
2168543
800552
933218
4467363
479288
641922
3167731
3719889

3893829
1644972
1495117
4079096
2492144
1498743
2716523
3656791
2303797
4554458
3412497
3811995
430530
3221437
3254274
3545458
4562682
1673890
1330803
3341719
4326836
4325206
1810170
1173992
2107444
784848
2512734
1308673
240216
579844
3134020
1615550
141263
3201042
3311326
2668982
4058230
2448436
573774
4455728
3734906

4462838
3386210
1437058
384708
2867654
813152
434504
4504006
2258557
1288753
3573657
2520776
2978951
1114213
3236513
2080661
718344
1289177
1097676
657147
4261658
3111276
1565743
1257882
4005833
2750747
629855
2765894
2388458
556891
3578818
2911355

321511
3354218
1420242
932929
2532344
255809
1244555
4475401
2225669
2177234
188655
3536707
2042261
2153979
3199694
2044541
676700
983023
3086182

4196714
3940706
1518375
3683498
1622588
2313084
3103993
4073634
2373574
504886
311482
1151575
160722
507204
3299939
1392072
1217307
2081325
28343
2850461
4434082
2192909
1996897
2483448
4233616
2533498
4605694
3172253
3009830
661460
3455634
3843901
2737104
4102753
3853845
1502369
223485
84298
1813814
4419675
285271
2319979
463752
3311183
2303577
456605
1202955
3267816
1339193
1978395
1779328
1936376
1960001
4374403
2151077
1040599
368528
2522505
2988436
2006115
3149483
3799398
608056
2289176
1865724

4065971
1810882
1487231
4105785
243468
1084865
3546449
2908674
2278446
399460
1182850
4042030
3645238
3485953
1313055
1930855
3772188
3090327
2099735
2969614
3322278
3757878
3130025
250880
2616068
3785195
4024873
195561
